HI    1215.6700       6.265E+08 4.164E-01
OI    1302.1685       5.65E+08  4.80E-02  
OI    1355.5977      4.20E+03   1.16E-06  -5.238 -2.805       
OI     950.8846      1.94E+07   1.58E-03  -2.103  0.176       
CII    1334.5323       2.88E+08  1.28E-01  
CIIs   1335.7077       2.88E+08  1.15E-01  -0.336  2.188 
CIV    1550.781        2.628E+08 9.475E-02 -0.722  2.167  7E-4 
CIV    1548.204        2.643E+08 1.899E-01 -0.420  2.468  7E-4 
NI     1200.7098       4.00E+08  4.32E-02  -0.763  1.715	 
NI     1200.2233       4.02E+08  8.69E-02  -0.459  2.018	
NI     1199.5496       4.07E+08  1.32E-01  -0.278  2.199	 
NI     1134.9803       1.44E+08  4.16E-02  -0.779  1.674	 
NI     1134.4149       1.49E+08  2.87E-02  -0.941  1.512	 
NI     1134.1653       1.51E+08  1.46E-02  -1.234  1.219	 
NV     1242.804        3.356E+08 7.770E-02 
NV     1238.821        3.391E+08 1.560E-01 
MgII   1240.3947       1.54E+06  3.56E-04 
MgII   1239.9253       1.37E+06  6.32E-04 
SiII   1526.7070       1.13E+09  1.33E-01  
SiII   1304.3702       1.01E+09  8.63E-02  
SiII   1260.4221       2.95E+09  1.18E+00  
SiII   1193.2897       4.07E+09  5.82E-01  
SiII   1190.4158       4.08E+09  2.92E-01  
SiIII  1206.500        2.48E+09  1.63E+00   
SiIV   1402.7729       8.62E+08  2.54E-01  
SiIV   1393.7602       8.80E+08  5.13E-01  
AlII   1670.7886       1.39E+09  1.74E+00   0.241  3.463       
FeII   1144.9379       3.52E+08  8.30E-02  -0.081  1.978  0.03 
FeII   1143.2260       9.81E+07  1.92E-02  -0.716  1.342	
FeII   1142.3656       2.56E+07  4.01E-03  -1.397  0.661	
FeII   1133.6654       3.06E+07  4.72E-03  -1.326  0.728	
FeII   1608.4511       2.74E+08  5.77E-02  -0.239  1.968  0.026
FeII   1611.2005       2.86E+08  1.38E-03  -1.860  0.347  0.08 
FeIII  1122.524        3.70E+08  5.44E-02  -0.310  1.786       
SII    1259.518        4.65E+07  1.66E-02  -1.178  1.320  0.04 
SII    1253.805        4.62E+07  1.09E-02  -1.361  1.136  0.04 
SII    1250.578        4.63E+07  5.43E-03  -1.663  0.832  0.04 
S_III  1190.203        6.65E+07  2.37E-02  -1.626  1.449  0.02 
CI     1656.9284       3.60E+08  1.49E-01  -0.828  2.392       
CI     1560.3092       1.27E+08  7.74E-02  -1.111  2.082      
CI     1328.8333       2.88E+08  7.58E-02  -1.120  2.003      
CI     1280.1352       3.56E+07  1.06E+08  2.63E-02  -1.580  1.527	
CI     1276.4822       8.03E+06  5.89E-03  -2.230  0.876	
CIs    1657.907        3.60E+08  4.94E-02  -0.829  1.914	
CIs    1657.379        3.60E+08  3.71E-02  -0.954  1.788	
CIs    1656.267        3.61E+08  6.21E-02  -0.730  2.012	
CIs    1560.708        1.27E+08  1.93E-02  -1.236  1.480	
CIss   1658.1211       3.60E+08  3.71E-02  -0.732  1.789       
OIss   1306.0286       5.65E+08  4.78E-02  -1.321  1.795	
OIs    1304.8576       5.65E+08  4.78E-02  -0.843  1.795	
SiIIs  1197.3938       4.07E+09  1.45E-01  -0.237  2.239  0.02 
PII    1532.5330       4.77E+06  3.03E-03  -2.518  0.667	
PII    1301.8743       4.82E+07  1.27E-02  -1.895  1.219	
H2_P(4)    1120.248    -0.072	7.560e-04     00    00    Abgrall1993
H2_R(5)    1120.399    -0.096	7.157e-04     00    00    Abgrall1993
H2_P(7)    1122.493  	0.460	2.567e-03     00    00    Abgrall1993
H2_P(5)    1125.540    -0.069	7.577e-04     00    00    Abgrall1993
H2_R(6)    1125.723    -0.131	6.563e-04     00    00    Abgrall1993
H2_P(6)    1131.750    -0.072	7.479e-04     00    00    Abgrall1993
H2_R(7)    1131.974    -0.169	5.992e-04     00    00    Abgrall1993
H2_P(7)    1138.867    -0.080	7.297e-04     00    00    Abgrall1993
